1 1000000 16 24451
2 1000000 16 22752
3 1000000 16 24176
4 1000000 16 22378
5 1000000 16 24929
6 1000000 16 20626
7 1000000 16 21464
8 1000000 16 21061
9 1000000 16 17754
10 1000000 16 21777
11 1000000 16 21525
12 1000000 16 21388
13 1000000 16 21852
14 1000000 16 25746
15 1000000 16 21869
16 1000000 16 22021
17 1000000 16 20689
18 1000000 16 25082
19 1000000 16 18127
20 1000000 16 20833
21 1000000 16 17917
22 1000000 16 21451
23 1000000 16 18786
24 1000000 16 21557
25 1000000 16 22104
26 1000000 16 20755
27 1000000 16 21477
28 1000000 16 22159
29 1000000 16 21102
30 1000000 16 21804
31 1000000 16 21845
32 1000000 16 21780
33 1000000 16 17899
34 1000000 16 22468
35 1000000 16 22102
36 1000000 16 25221
37 1000000 16 21019
38 1000000 16 20668
39 1000000 16 21435
40 1000000 16 25166
41 1000000 16 21485
42 1000000 16 24805
43 1000000 16 22114
44 1000000 16 21449
45 1000000 16 21587
46 1000000 16 21672
47 1000000 16 22372
48 1000000 16 34712
49 1000000 16 21729
50 1000000 16 21556
51 1000000 16 21704
52 1000000 16 21309
53 1000000 16 21732
54 1000000 16 21860
55 1000000 16 22399
56 1000000 16 21463
57 1000000 16 21642
58 1000000 16 25887
59 1000000 16 21710
60 1000000 16 21998
61 1000000 16 21778
62 1000000 16 25309
63 1000000 16 21802
64 1000000 16 21518
65 1000000 16 21496
66 1000000 16 20163
67 1000000 16 24895
68 1000000 16 21824
69 1000000 16 21832
70 1000000 16 19488
71 1000000 16 22676
72 1000000 16 21924
73 1000000 16 21292
74 1000000 16 21964
75 1000000 16 22131
76 1000000 16 22031
77 1000000 16 21608
78 1000000 16 21542
79 1000000 16 26760
80 1000000 16 21115
81 1000000 16 21747
82 1000000 16 21446
83 1000000 16 18150
84 1000000 16 24906
85 1000000 16 25314
86 1000000 16 21770
87 1000000 16 17895
88 1000000 16 21511
89 1000000 16 21848
90 1000000 16 21571
91 1000000 16 21615
92 1000000 16 22059
93 1000000 16 21608
94 1000000 16 18696
95 1000000 16 21849
96 1000000 16 22184
97 1000000 16 24151
98 1000000 16 21807
99 1000000 16 22710
100 1000000 16 21706
1 100000 16 2313
2 100000 16 2720
3 100000 16 2844
4 100000 16 3759
5 100000 16 2891
6 100000 16 2684
7 100000 16 2929
8 100000 16 3034
9 100000 16 3204
10 100000 16 2633
11 100000 16 3251
12 100000 16 2999
13 100000 16 3720
14 100000 16 2706
15 100000 16 2369
16 100000 16 2332
17 100000 16 2694
18 100000 16 3038
19 100000 16 2733
20 100000 16 3064
21 100000 16 2379
22 100000 16 2996
23 100000 16 2686
24 100000 16 2633
25 100000 16 2670
26 100000 16 2279
27 100000 16 2608
28 100000 16 2307
29 100000 16 2514
30 100000 16 2760
31 100000 16 2810
32 100000 16 2461
33 100000 16 3230
34 100000 16 2484
35 100000 16 2842
36 100000 16 2397
37 100000 16 2367
38 100000 16 2773
39 100000 16 3165
40 100000 16 2375
41 100000 16 2339
42 100000 16 2346
43 100000 16 2793
44 100000 16 2989
45 100000 16 2749
46 100000 16 2585
47 100000 16 3186
48 100000 16 2534
49 100000 16 2588
50 100000 16 3365
51 100000 16 2763
52 100000 16 3116
53 100000 16 2278
54 100000 16 2356
55 100000 16 2476
56 100000 16 2762
57 100000 16 3151
58 100000 16 2783
59 100000 16 3162
60 100000 16 2381
61 100000 16 2319
62 100000 16 2372
63 100000 16 2845
64 100000 16 2821
65 100000 16 2442
66 100000 16 2318
67 100000 16 2289
68 100000 16 2502
69 100000 16 2755
70 100000 16 2766
71 100000 16 3201
72 100000 16 2717
73 100000 16 3197
74 100000 16 2470
75 100000 16 2766
76 100000 16 2582
77 100000 16 2404
78 100000 16 3116
79 100000 16 2508
80 100000 16 2424
81 100000 16 2808
82 100000 16 2617
83 100000 16 2929
84 100000 16 2632
85 100000 16 2225
86 100000 16 2359
87 100000 16 2961
88 100000 16 2927
89 100000 16 2667
90 100000 16 2419
91 100000 16 3184
92 100000 16 3259
93 100000 16 3447
94 100000 16 2866
95 100000 16 3219
96 100000 16 2328
97 100000 16 2437
98 100000 16 2608
99 100000 16 2637
100 100000 16 2742
1 10000 16 380
2 10000 16 433
3 10000 16 452
4 10000 16 396
5 10000 16 389
6 10000 16 467
7 10000 16 372
8 10000 16 351
9 10000 16 365
10 10000 16 583
11 10000 16 500
12 10000 16 1047
13 10000 16 1014
14 10000 16 372
15 10000 16 388
16 10000 16 352
17 10000 16 350
18 10000 16 382
19 10000 16 387
20 10000 16 384
21 10000 16 352
22 10000 16 657
23 10000 16 422
24 10000 16 1171
25 10000 16 815
26 10000 16 383
27 10000 16 360
28 10000 16 366
29 10000 16 388
30 10000 16 390
31 10000 16 359
32 10000 16 393
33 10000 16 381
34 10000 16 354
35 10000 16 360
36 10000 16 387
37 10000 16 364
38 10000 16 452
39 10000 16 368
40 10000 16 364
41 10000 16 381
42 10000 16 371
43 10000 16 408
44 10000 16 374
45 10000 16 440
46 10000 16 360
47 10000 16 369
48 10000 16 375
49 10000 16 376
50 10000 16 364
51 10000 16 373
52 10000 16 351
53 10000 16 363
54 10000 16 357
55 10000 16 388
56 10000 16 372
57 10000 16 393
58 10000 16 366
59 10000 16 370
60 10000 16 389
61 10000 16 407
62 10000 16 369
63 10000 16 375
64 10000 16 398
65 10000 16 410
66 10000 16 355
67 10000 16 398
68 10000 16 409
69 10000 16 372
70 10000 16 358
71 10000 16 349
72 10000 16 391
73 10000 16 357
74 10000 16 366
75 10000 16 396
76 10000 16 367
77 10000 16 394
78 10000 16 422
79 10000 16 358
80 10000 16 369
81 10000 16 384
82 10000 16 346
83 10000 16 372
84 10000 16 352
85 10000 16 374
86 10000 16 371
87 10000 16 364
88 10000 16 381
89 10000 16 370
90 10000 16 360
91 10000 16 386
92 10000 16 396
93 10000 16 374
94 10000 16 383
95 10000 16 374
96 10000 16 380
97 10000 16 364
98 10000 16 359
99 10000 16 463
100 10000 16 409
1 1000 16 280
2 1000 16 237
3 1000 16 237
4 1000 16 241
5 1000 16 271
6 1000 16 253
7 1000 16 226
8 1000 16 240
9 1000 16 229
10 1000 16 225
11 1000 16 234
12 1000 16 253
13 1000 16 223
14 1000 16 711
15 1000 16 1105
16 1000 16 347
17 1000 16 219
18 1000 16 236
19 1000 16 232
20 1000 16 232
21 1000 16 325
22 1000 16 247
23 1000 16 232
24 1000 16 238
25 1000 16 230
26 1000 16 467
27 1000 16 328
28 1000 16 277
29 1000 16 691
30 1000 16 355
31 1000 16 1079
32 1000 16 281
33 1000 16 221
34 1000 16 220
35 1000 16 220
36 1000 16 224
37 1000 16 218
38 1000 16 225
39 1000 16 211
40 1000 16 212
41 1000 16 212
42 1000 16 239
43 1000 16 211
44 1000 16 203
45 1000 16 280
46 1000 16 211
47 1000 16 216
48 1000 16 211
49 1000 16 215
50 1000 16 210
51 1000 16 214
52 1000 16 239
53 1000 16 849
54 1000 16 257
55 1000 16 224
56 1000 16 234
57 1000 16 207
58 1000 16 232
59 1000 16 232
60 1000 16 218
61 1000 16 212
62 1000 16 209
63 1000 16 216
64 1000 16 226
65 1000 16 214
66 1000 16 211
67 1000 16 209
68 1000 16 210
69 1000 16 217
70 1000 16 227
71 1000 16 229
72 1000 16 227
73 1000 16 222
74 1000 16 228
75 1000 16 223
76 1000 16 227
77 1000 16 234
78 1000 16 226
79 1000 16 225
80 1000 16 232
81 1000 16 246
82 1000 16 240
83 1000 16 236
84 1000 16 252
85 1000 16 247
86 1000 16 223
87 1000 16 220
88 1000 16 218
89 1000 16 251
90 1000 16 231
91 1000 16 219
92 1000 16 227
93 1000 16 229
94 1000 16 218
95 1000 16 350
96 1000 16 256
97 1000 16 228
98 1000 16 209
99 1000 16 221
100 1000 16 223
