1 1000000 1 58478
2 1000000 1 56613
3 1000000 1 56603
4 1000000 1 56500
5 1000000 1 56554
6 1000000 1 56549
7 1000000 1 56657
8 1000000 1 56614
9 1000000 1 56571
10 1000000 1 56885
11 1000000 1 56749
12 1000000 1 56540
13 1000000 1 56556
14 1000000 1 56507
15 1000000 1 56584
16 1000000 1 69016
17 1000000 1 56616
18 1000000 1 56582
19 1000000 1 56581
20 1000000 1 56625
21 1000000 1 56558
22 1000000 1 56506
23 1000000 1 56537
24 1000000 1 56582
25 1000000 1 56535
26 1000000 1 56865
27 1000000 1 56628
28 1000000 1 56476
29 1000000 1 57026
30 1000000 1 56616
31 1000000 1 56581
32 1000000 1 56546
33 1000000 1 56540
34 1000000 1 56573
35 1000000 1 56587
36 1000000 1 56596
37 1000000 1 56515
38 1000000 1 56678
39 1000000 1 56550
40 1000000 1 71929
41 1000000 1 56541
42 1000000 1 56586
43 1000000 1 56493
44 1000000 1 56531
45 1000000 1 56556
46 1000000 1 56571
47 1000000 1 56636
48 1000000 1 56592
49 1000000 1 56527
50 1000000 1 56555
51 1000000 1 56563
52 1000000 1 56534
53 1000000 1 56536
54 1000000 1 56524
55 1000000 1 56558
56 1000000 1 56529
57 1000000 1 56994
58 1000000 1 56615
59 1000000 1 56549
60 1000000 1 56587
61 1000000 1 56547
62 1000000 1 56533
63 1000000 1 56636
64 1000000 1 56551
65 1000000 1 56556
66 1000000 1 56772
67 1000000 1 56439
68 1000000 1 56555
69 1000000 1 56606
70 1000000 1 56502
71 1000000 1 56556
72 1000000 1 56566
73 1000000 1 56715
74 1000000 1 56589
75 1000000 1 56533
76 1000000 1 56798
77 1000000 1 56572
78 1000000 1 56547
79 1000000 1 56559
80 1000000 1 56505
81 1000000 1 56566
82 1000000 1 56645
83 1000000 1 56545
84 1000000 1 56587
85 1000000 1 56899
86 1000000 1 56621
87 1000000 1 56527
88 1000000 1 56536
89 1000000 1 56557
90 1000000 1 56619
91 1000000 1 56603
92 1000000 1 56490
93 1000000 1 57002
94 1000000 1 56771
95 1000000 1 56569
96 1000000 1 56571
97 1000000 1 56543
98 1000000 1 56535
99 1000000 1 56578
100 1000000 1 56493
1 100000 1 6541
2 100000 1 7098
3 100000 1 6637
4 100000 1 20066
5 100000 1 6871
6 100000 1 6561
7 100000 1 6626
8 100000 1 6597
9 100000 1 6594
10 100000 1 6569
11 100000 1 6555
12 100000 1 6572
13 100000 1 6620
14 100000 1 6839
15 100000 1 6600
16 100000 1 6581
17 100000 1 6608
18 100000 1 6610
19 100000 1 6652
20 100000 1 6598
21 100000 1 6587
22 100000 1 6593
23 100000 1 6587
24 100000 1 6601
25 100000 1 6593
26 100000 1 6598
27 100000 1 6583
28 100000 1 6622
29 100000 1 6621
30 100000 1 6585
31 100000 1 6582
32 100000 1 6596
33 100000 1 6586
34 100000 1 6588
35 100000 1 6591
36 100000 1 6585
37 100000 1 6594
38 100000 1 6582
39 100000 1 6578
40 100000 1 6559
41 100000 1 6596
42 100000 1 6584
43 100000 1 6595
44 100000 1 6592
45 100000 1 6625
46 100000 1 6589
47 100000 1 6606
48 100000 1 6588
49 100000 1 6600
50 100000 1 6589
51 100000 1 6569
52 100000 1 6563
53 100000 1 6591
54 100000 1 6595
55 100000 1 6588
56 100000 1 6593
57 100000 1 6588
58 100000 1 6587
59 100000 1 6583
60 100000 1 6598
61 100000 1 6588
62 100000 1 6588
63 100000 1 6593
64 100000 1 6595
65 100000 1 6583
66 100000 1 6590
67 100000 1 6593
68 100000 1 6593
69 100000 1 6597
70 100000 1 6600
71 100000 1 6600
72 100000 1 6585
73 100000 1 6587
74 100000 1 6587
75 100000 1 6585
76 100000 1 6597
77 100000 1 6599
78 100000 1 6585
79 100000 1 6595
80 100000 1 6597
81 100000 1 6587
82 100000 1 6590
83 100000 1 6590
84 100000 1 6590
85 100000 1 6588
86 100000 1 6594
87 100000 1 6589
88 100000 1 6589
89 100000 1 6597
90 100000 1 6593
91 100000 1 6784
92 100000 1 6634
93 100000 1 6601
94 100000 1 7151
95 100000 1 6601
96 100000 1 6633
97 100000 1 6591
98 100000 1 6590
99 100000 1 6592
100 100000 1 6596
1 10000 1 692
2 10000 1 745
3 10000 1 740
4 10000 1 738
5 10000 1 746
6 10000 1 744
7 10000 1 817
8 10000 1 773
9 10000 1 698
10 10000 1 841
11 10000 1 720
12 10000 1 754
13 10000 1 739
14 10000 1 889
15 10000 1 748
16 10000 1 739
17 10000 1 795
18 10000 1 785
19 10000 1 833
20 10000 1 1137
21 10000 1 891
22 10000 1 749
23 10000 1 746
24 10000 1 745
25 10000 1 734
26 10000 1 768
27 10000 1 745
28 10000 1 744
29 10000 1 761
30 10000 1 754
31 10000 1 746
32 10000 1 758
33 10000 1 754
34 10000 1 725
35 10000 1 759
36 10000 1 749
37 10000 1 738
38 10000 1 728
39 10000 1 725
40 10000 1 740
41 10000 1 714
42 10000 1 726
43 10000 1 715
44 10000 1 720
45 10000 1 722
46 10000 1 773
47 10000 1 729
48 10000 1 694
49 10000 1 751
50 10000 1 755
51 10000 1 745
52 10000 1 763
53 10000 1 747
54 10000 1 753
55 10000 1 763
56 10000 1 756
57 10000 1 751
58 10000 1 766
59 10000 1 753
60 10000 1 746
61 10000 1 759
62 10000 1 753
63 10000 1 765
64 10000 1 722
65 10000 1 730
66 10000 1 687
67 10000 1 684
68 10000 1 746
69 10000 1 753
70 10000 1 756
71 10000 1 721
72 10000 1 720
73 10000 1 719
74 10000 1 720
75 10000 1 720
76 10000 1 720
77 10000 1 723
78 10000 1 720
79 10000 1 723
80 10000 1 775
81 10000 1 705
82 10000 1 799
83 10000 1 955
84 10000 1 749
85 10000 1 740
86 10000 1 750
87 10000 1 742
88 10000 1 742
89 10000 1 745
90 10000 1 744
91 10000 1 757
92 10000 1 720
93 10000 1 748
94 10000 1 750
95 10000 1 760
96 10000 1 748
97 10000 1 762
98 10000 1 749
99 10000 1 758
100 10000 1 772
1 1000 1 142
2 1000 1 259
3 1000 1 175
4 1000 1 176
5 1000 1 147
6 1000 1 137
7 1000 1 137
8 1000 1 102
9 1000 1 134
10 1000 1 126
11 1000 1 108
12 1000 1 108
13 1000 1 135
14 1000 1 128
15 1000 1 100
16 1000 1 135
17 1000 1 137
18 1000 1 138
19 1000 1 156
20 1000 1 130
21 1000 1 134
22 1000 1 142
23 1000 1 162
24 1000 1 141
25 1000 1 140
26 1000 1 129
27 1000 1 140
28 1000 1 141
29 1000 1 138
30 1000 1 141
31 1000 1 134
32 1000 1 128
33 1000 1 165
34 1000 1 137
35 1000 1 136
36 1000 1 158
37 1000 1 129
38 1000 1 128
39 1000 1 112
40 1000 1 141
41 1000 1 138
42 1000 1 165
43 1000 1 139
44 1000 1 126
45 1000 1 138
46 1000 1 132
47 1000 1 150
48 1000 1 140
49 1000 1 142
50 1000 1 137
51 1000 1 136
52 1000 1 144
53 1000 1 136
54 1000 1 143
55 1000 1 140
56 1000 1 126
57 1000 1 146
58 1000 1 140
59 1000 1 138
60 1000 1 138
61 1000 1 157
62 1000 1 149
63 1000 1 143
64 1000 1 114
65 1000 1 137
66 1000 1 132
67 1000 1 128
68 1000 1 159
69 1000 1 137
70 1000 1 135
71 1000 1 162
72 1000 1 140
73 1000 1 137
74 1000 1 111
75 1000 1 282
76 1000 1 123
77 1000 1 158
78 1000 1 144
79 1000 1 117
80 1000 1 232
81 1000 1 543
82 1000 1 240
83 1000 1 115
84 1000 1 129
85 1000 1 222
86 1000 1 370
87 1000 1 175
88 1000 1 152
89 1000 1 134
90 1000 1 130
91 1000 1 123
92 1000 1 139
93 1000 1 142
94 1000 1 122
95 1000 1 1422
96 1000 1 185
97 1000 1 136
98 1000 1 105
99 1000 1 119
100 1000 1 122
