1 1000000 2 33212
2 1000000 2 32567
3 1000000 2 32543
4 1000000 2 34988
5 1000000 2 32505
6 1000000 2 33059
7 1000000 2 32557
8 1000000 2 32536
9 1000000 2 32532
10 1000000 2 33851
11 1000000 2 32531
12 1000000 2 32516
13 1000000 2 32565
14 1000000 2 32521
15 1000000 2 32629
16 1000000 2 32645
17 1000000 2 32536
18 1000000 2 32544
19 1000000 2 32532
20 1000000 2 34768
21 1000000 2 32864
22 1000000 2 33500
23 1000000 2 34728
24 1000000 2 32534
25 1000000 2 32577
26 1000000 2 34679
27 1000000 2 32528
28 1000000 2 45772
29 1000000 2 34949
30 1000000 2 34676
31 1000000 2 32553
32 1000000 2 32513
33 1000000 2 34449
34 1000000 2 34650
35 1000000 2 32516
36 1000000 2 32555
37 1000000 2 32543
38 1000000 2 32547
39 1000000 2 32538
40 1000000 2 32532
41 1000000 2 32547
42 1000000 2 33556
43 1000000 2 34677
44 1000000 2 34743
45 1000000 2 34738
46 1000000 2 32544
47 1000000 2 34682
48 1000000 2 34656
49 1000000 2 32537
50 1000000 2 32549
51 1000000 2 32540
52 1000000 2 32522
53 1000000 2 32501
54 1000000 2 32515
55 1000000 2 32669
56 1000000 2 34735
57 1000000 2 32535
58 1000000 2 34718
59 1000000 2 34668
60 1000000 2 32529
61 1000000 2 32532
62 1000000 2 34678
63 1000000 2 32519
64 1000000 2 34753
65 1000000 2 32514
66 1000000 2 32545
67 1000000 2 32554
68 1000000 2 32524
69 1000000 2 32523
70 1000000 2 32521
71 1000000 2 34639
72 1000000 2 32530
73 1000000 2 34059
74 1000000 2 34696
75 1000000 2 35149
76 1000000 2 32513
77 1000000 2 34661
78 1000000 2 32507
79 1000000 2 34764
80 1000000 2 32640
81 1000000 2 34666
82 1000000 2 34771
83 1000000 2 32519
84 1000000 2 34735
85 1000000 2 34765
86 1000000 2 32573
87 1000000 2 35253
88 1000000 2 34674
89 1000000 2 32546
90 1000000 2 34734
91 1000000 2 32562
92 1000000 2 34740
93 1000000 2 32536
94 1000000 2 34658
95 1000000 2 32547
96 1000000 2 32546
97 1000000 2 32516
98 1000000 2 32528
99 1000000 2 32551
100 1000000 2 32535
1 100000 2 3604
2 100000 2 3359
3 100000 2 3455
4 100000 2 3308
5 100000 2 3408
6 100000 2 4193
7 100000 2 3611
8 100000 2 3344
9 100000 2 3692
10 100000 2 3346
11 100000 2 3354
12 100000 2 3300
13 100000 2 3342
14 100000 2 3312
15 100000 2 3591
16 100000 2 3303
17 100000 2 3597
18 100000 2 3609
19 100000 2 3586
20 100000 2 3599
21 100000 2 3360
22 100000 2 3330
23 100000 2 3314
24 100000 2 3319
25 100000 2 3566
26 100000 2 3315
27 100000 2 3369
28 100000 2 3597
29 100000 2 3600
30 100000 2 3349
31 100000 2 3347
32 100000 2 3357
33 100000 2 3351
34 100000 2 3343
35 100000 2 3302
36 100000 2 3597
37 100000 2 3361
38 100000 2 3310
39 100000 2 3354
40 100000 2 3590
41 100000 2 3330
42 100000 2 3356
43 100000 2 3363
44 100000 2 3370
45 100000 2 3348
46 100000 2 3348
47 100000 2 3347
48 100000 2 3353
49 100000 2 3313
50 100000 2 3610
51 100000 2 3596
52 100000 2 3360
53 100000 2 3308
54 100000 2 3371
55 100000 2 3306
56 100000 2 3595
57 100000 2 3649
58 100000 2 3359
59 100000 2 3358
60 100000 2 3346
61 100000 2 3306
62 100000 2 3602
63 100000 2 3358
64 100000 2 3358
65 100000 2 3306
66 100000 2 3356
67 100000 2 3345
68 100000 2 3349
69 100000 2 3593
70 100000 2 3354
71 100000 2 3314
72 100000 2 3311
73 100000 2 3358
74 100000 2 3338
75 100000 2 3377
76 100000 2 3343
77 100000 2 3386
78 100000 2 3322
79 100000 2 3353
80 100000 2 3299
81 100000 2 3362
82 100000 2 3595
83 100000 2 3607
84 100000 2 3350
85 100000 2 3357
86 100000 2 3315
87 100000 2 3316
88 100000 2 3319
89 100000 2 3306
90 100000 2 3354
91 100000 2 3327
92 100000 2 3312
93 100000 2 3310
94 100000 2 3312
95 100000 2 3358
96 100000 2 3374
97 100000 2 3347
98 100000 2 3362
99 100000 2 3352
100 100000 2 3310
1 10000 2 430
2 10000 2 436
3 10000 2 429
4 10000 2 438
5 10000 2 390
6 10000 2 379
7 10000 2 430
8 10000 2 384
9 10000 2 388
10 10000 2 541
11 10000 2 418
12 10000 2 1309
13 10000 2 573
14 10000 2 379
15 10000 2 422
16 10000 2 384
17 10000 2 383
18 10000 2 375
19 10000 2 387
20 10000 2 363
21 10000 2 694
22 10000 2 465
23 10000 2 456
24 10000 2 734
25 10000 2 656
26 10000 2 429
27 10000 2 419
28 10000 2 384
29 10000 2 384
30 10000 2 367
31 10000 2 391
32 10000 2 380
33 10000 2 393
34 10000 2 422
35 10000 2 414
36 10000 2 430
37 10000 2 367
38 10000 2 389
39 10000 2 369
40 10000 2 381
41 10000 2 434
42 10000 2 455
43 10000 2 389
44 10000 2 387
45 10000 2 423
46 10000 2 433
47 10000 2 364
48 10000 2 408
49 10000 2 440
50 10000 2 426
51 10000 2 379
52 10000 2 440
53 10000 2 463
54 10000 2 451
55 10000 2 379
56 10000 2 433
57 10000 2 426
58 10000 2 386
59 10000 2 383
60 10000 2 386
61 10000 2 387
62 10000 2 388
63 10000 2 391
64 10000 2 423
65 10000 2 387
66 10000 2 382
67 10000 2 442
68 10000 2 428
69 10000 2 453
70 10000 2 379
71 10000 2 455
72 10000 2 404
73 10000 2 416
74 10000 2 419
75 10000 2 366
76 10000 2 365
77 10000 2 419
78 10000 2 384
79 10000 2 391
80 10000 2 426
81 10000 2 378
82 10000 2 495
83 10000 2 426
84 10000 2 389
85 10000 2 386
86 10000 2 431
87 10000 2 419
88 10000 2 389
89 10000 2 431
90 10000 2 423
91 10000 2 428
92 10000 2 387
93 10000 2 386
94 10000 2 407
95 10000 2 387
96 10000 2 388
97 10000 2 387
98 10000 2 439
99 10000 2 427
100 10000 2 388
1 1000 2 202
2 1000 2 99
3 1000 2 133
4 1000 2 92
5 1000 2 80
6 1000 2 73
7 1000 2 92
8 1000 2 99
9 1000 2 91
10 1000 2 463
11 1000 2 100
12 1000 2 100
13 1000 2 74
14 1000 2 77
15 1000 2 77
16 1000 2 81
17 1000 2 76
18 1000 2 182
19 1000 2 103
20 1000 2 71
21 1000 2 72
22 1000 2 68
23 1000 2 97
24 1000 2 71
25 1000 2 70
26 1000 2 69
27 1000 2 70
28 1000 2 91
29 1000 2 70
30 1000 2 83
31 1000 2 79
32 1000 2 84
33 1000 2 82
34 1000 2 90
35 1000 2 115
36 1000 2 92
37 1000 2 74
38 1000 2 666
39 1000 2 196
40 1000 2 184
41 1000 2 118
42 1000 2 121
43 1000 2 69
44 1000 2 87
45 1000 2 110
46 1000 2 90
47 1000 2 93
48 1000 2 82
49 1000 2 86
50 1000 2 100
51 1000 2 70
52 1000 2 93
53 1000 2 90
54 1000 2 90
55 1000 2 89
56 1000 2 84
57 1000 2 90
58 1000 2 90
59 1000 2 96
60 1000 2 95
61 1000 2 90
62 1000 2 94
63 1000 2 94
64 1000 2 93
65 1000 2 89
66 1000 2 88
67 1000 2 86
68 1000 2 73
69 1000 2 87
70 1000 2 75
71 1000 2 70
72 1000 2 83
73 1000 2 88
74 1000 2 84
75 1000 2 96
76 1000 2 122
77 1000 2 72
78 1000 2 73
79 1000 2 69
80 1000 2 70
81 1000 2 70
82 1000 2 71
83 1000 2 70
84 1000 2 76
85 1000 2 74
86 1000 2 67
87 1000 2 71
88 1000 2 84
89 1000 2 71
90 1000 2 87
91 1000 2 80
92 1000 2 80
93 1000 2 66
94 1000 2 68
95 1000 2 71
96 1000 2 69
97 1000 2 69
98 1000 2 67
99 1000 2 69
100 1000 2 69
