1 1000000 4 26596
2 1000000 4 27389
3 1000000 4 17525
4 1000000 4 17775
5 1000000 4 17823
6 1000000 4 20012
7 1000000 4 17940
8 1000000 4 18008
9 1000000 4 17842
10 1000000 4 19528
11 1000000 4 17788
12 1000000 4 19922
13 1000000 4 18303
14 1000000 4 19328
15 1000000 4 17894
16 1000000 4 19676
17 1000000 4 17831
18 1000000 4 32961
19 1000000 4 18891
20 1000000 4 27270
21 1000000 4 17540
22 1000000 4 20572
23 1000000 4 18863
24 1000000 4 17922
25 1000000 4 17608
26 1000000 4 17915
27 1000000 4 18070
28 1000000 4 19304
29 1000000 4 17796
30 1000000 4 19673
31 1000000 4 17815
32 1000000 4 19792
33 1000000 4 17849
34 1000000 4 19711
35 1000000 4 17833
36 1000000 4 19742
37 1000000 4 17804
38 1000000 4 19690
39 1000000 4 20724
40 1000000 4 17548
41 1000000 4 20118
42 1000000 4 18191
43 1000000 4 18253
44 1000000 4 18149
45 1000000 4 18332
46 1000000 4 18460
47 1000000 4 17581
48 1000000 4 19249
49 1000000 4 17750
50 1000000 4 19951
51 1000000 4 17541
52 1000000 4 19925
53 1000000 4 17628
54 1000000 4 20117
55 1000000 4 17731
56 1000000 4 19792
57 1000000 4 17632
58 1000000 4 20479
59 1000000 4 17732
60 1000000 4 19865
61 1000000 4 20420
62 1000000 4 18064
63 1000000 4 17527
64 1000000 4 17847
65 1000000 4 18325
66 1000000 4 17825
67 1000000 4 19508
68 1000000 4 17814
69 1000000 4 17619
70 1000000 4 17642
71 1000000 4 17867
72 1000000 4 18097
73 1000000 4 27073
74 1000000 4 17576
75 1000000 4 20058
76 1000000 4 17636
77 1000000 4 55145
78 1000000 4 18112
79 1000000 4 17724
80 1000000 4 19775
81 1000000 4 17846
82 1000000 4 19527
83 1000000 4 17636
84 1000000 4 17600
85 1000000 4 19098
86 1000000 4 27423
87 1000000 4 19225
88 1000000 4 19664
89 1000000 4 17829
90 1000000 4 20238
91 1000000 4 18222
92 1000000 4 19028
93 1000000 4 17778
94 1000000 4 19760
95 1000000 4 18136
96 1000000 4 19476
97 1000000 4 17897
98 1000000 4 19809
99 1000000 4 20764
100 1000000 4 17541
1 100000 4 3320
2 100000 4 3271
3 100000 4 3583
4 100000 4 3348
5 100000 4 3224
6 100000 4 3534
7 100000 4 3693
8 100000 4 3020
9 100000 4 2758
10 100000 4 2651
11 100000 4 2777
12 100000 4 2707
13 100000 4 3260
14 100000 4 3359
15 100000 4 3316
16 100000 4 3510
17 100000 4 2864
18 100000 4 3516
19 100000 4 2036
20 100000 4 3481
21 100000 4 2256
22 100000 4 2469
23 100000 4 2679
24 100000 4 2718
25 100000 4 2722
26 100000 4 2791
27 100000 4 3494
28 100000 4 3506
29 100000 4 3310
30 100000 4 1954
31 100000 4 3309
32 100000 4 1881
33 100000 4 2287
34 100000 4 2217
35 100000 4 1819
36 100000 4 3490
37 100000 4 3480
38 100000 4 2159
39 100000 4 2648
40 100000 4 2698
41 100000 4 3490
42 100000 4 2079
43 100000 4 2739
44 100000 4 2726
45 100000 4 2777
46 100000 4 2792
47 100000 4 3486
48 100000 4 2065
49 100000 4 2735
50 100000 4 3485
51 100000 4 2084
52 100000 4 2717
53 100000 4 2717
54 100000 4 1887
55 100000 4 3316
56 100000 4 2896
57 100000 4 2767
58 100000 4 2683
59 100000 4 2682
60 100000 4 2730
61 100000 4 1873
62 100000 4 3468
63 100000 4 3480
64 100000 4 1825
65 100000 4 3034
66 100000 4 2828
67 100000 4 2706
68 100000 4 2812
69 100000 4 2746
70 100000 4 2765
71 100000 4 3162
72 100000 4 3489
73 100000 4 3467
74 100000 4 3328
75 100000 4 3475
76 100000 4 3327
77 100000 4 3324
78 100000 4 1820
79 100000 4 3380
80 100000 4 1821
81 100000 4 3320
82 100000 4 3484
83 100000 4 2517
84 100000 4 2718
85 100000 4 2773
86 100000 4 2704
87 100000 4 2800
88 100000 4 3483
89 100000 4 2045
90 100000 4 2622
91 100000 4 2768
92 100000 4 2733
93 100000 4 3476
94 100000 4 3485
95 100000 4 3467
96 100000 4 3324
97 100000 4 3483
98 100000 4 3310
99 100000 4 2829
100 100000 4 2786
1 10000 4 399
2 10000 4 445
3 10000 4 435
4 10000 4 432
5 10000 4 399
6 10000 4 433
7 10000 4 411
8 10000 4 406
9 10000 4 442
10 10000 4 572
11 10000 4 1208
12 10000 4 563
13 10000 4 448
14 10000 4 256
15 10000 4 428
16 10000 4 316
17 10000 4 245
18 10000 4 244
19 10000 4 413
20 10000 4 391
21 10000 4 393
22 10000 4 573
23 10000 4 464
24 10000 4 571
25 10000 4 1511
26 10000 4 738
27 10000 4 404
28 10000 4 392
29 10000 4 451
30 10000 4 435
31 10000 4 440
32 10000 4 429
33 10000 4 432
34 10000 4 409
35 10000 4 427
36 10000 4 468
37 10000 4 417
38 10000 4 416
39 10000 4 418
40 10000 4 442
41 10000 4 395
42 10000 4 395
43 10000 4 401
44 10000 4 394
45 10000 4 439
46 10000 4 415
47 10000 4 312
48 10000 4 243
49 10000 4 394
50 10000 4 390
51 10000 4 406
52 10000 4 431
53 10000 4 401
54 10000 4 402
55 10000 4 554
56 10000 4 394
57 10000 4 482
58 10000 4 429
59 10000 4 558
60 10000 4 402
61 10000 4 236
62 10000 4 378
63 10000 4 404
64 10000 4 393
65 10000 4 390
66 10000 4 388
67 10000 4 392
68 10000 4 395
69 10000 4 396
70 10000 4 447
71 10000 4 397
72 10000 4 393
73 10000 4 402
74 10000 4 406
75 10000 4 394
76 10000 4 392
77 10000 4 387
78 10000 4 248
79 10000 4 395
80 10000 4 402
81 10000 4 396
82 10000 4 476
83 10000 4 433
84 10000 4 440
85 10000 4 430
86 10000 4 448
87 10000 4 445
88 10000 4 423
89 10000 4 286
90 10000 4 402
91 10000 4 391
92 10000 4 425
93 10000 4 353
94 10000 4 414
95 10000 4 441
96 10000 4 449
97 10000 4 458
98 10000 4 441
99 10000 4 436
100 10000 4 414
1 1000 4 142
2 1000 4 81
3 1000 4 94
4 1000 4 94
5 1000 4 97
6 1000 4 2113
7 1000 4 440
8 1000 4 85
9 1000 4 88
10 1000 4 75
11 1000 4 85
12 1000 4 112
13 1000 4 75
14 1000 4 87
15 1000 4 93
16 1000 4 103
17 1000 4 772
18 1000 4 94
19 1000 4 96
20 1000 4 115
21 1000 4 95
22 1000 4 695
23 1000 4 824
24 1000 4 610
25 1000 4 100
26 1000 4 102
27 1000 4 271
28 1000 4 85
29 1000 4 151
30 1000 4 79
31 1000 4 511
32 1000 4 113
33 1000 4 91
34 1000 4 95
35 1000 4 137
36 1000 4 193
37 1000 4 988
38 1000 4 336
39 1000 4 110
40 1000 4 81
41 1000 4 89
42 1000 4 94
43 1000 4 87
44 1000 4 81
45 1000 4 96
46 1000 4 86
47 1000 4 84
48 1000 4 98
49 1000 4 95
50 1000 4 93
51 1000 4 86
52 1000 4 77
53 1000 4 114
54 1000 4 106
55 1000 4 98
56 1000 4 94
57 1000 4 91
58 1000 4 93
59 1000 4 107
60 1000 4 97
61 1000 4 96
62 1000 4 91
63 1000 4 121
64 1000 4 88
65 1000 4 97
66 1000 4 97
67 1000 4 98
68 1000 4 96
69 1000 4 96
70 1000 4 94
71 1000 4 105
72 1000 4 96
73 1000 4 98
74 1000 4 92
75 1000 4 89
76 1000 4 78
77 1000 4 92
78 1000 4 98
79 1000 4 91
80 1000 4 88
81 1000 4 90
82 1000 4 96
83 1000 4 91
84 1000 4 94
85 1000 4 97
86 1000 4 103
87 1000 4 92
88 1000 4 108
89 1000 4 101
90 1000 4 88
91 1000 4 100
92 1000 4 82
93 1000 4 111
94 1000 4 107
95 1000 4 97
96 1000 4 97
97 1000 4 89
98 1000 4 109
99 1000 4 97
100 1000 4 100
