1 1000000 8 26835
2 1000000 8 24331
3 1000000 8 23943
4 1000000 8 22129
5 1000000 8 24746
6 1000000 8 24953
7 1000000 8 23311
8 1000000 8 24185
9 1000000 8 19658
10 1000000 8 20015
11 1000000 8 23302
12 1000000 8 25914
13 1000000 8 24189
14 1000000 8 20795
15 1000000 8 25389
16 1000000 8 20501
17 1000000 8 24741
18 1000000 8 24375
19 1000000 8 24914
20 1000000 8 24055
21 1000000 8 24133
22 1000000 8 21250
23 1000000 8 18533
24 1000000 8 19898
25 1000000 8 29169
26 1000000 8 24208
27 1000000 8 17718
28 1000000 8 20228
29 1000000 8 17721
30 1000000 8 24295
31 1000000 8 25257
32 1000000 8 24267
33 1000000 8 20326
34 1000000 8 21537
35 1000000 8 24166
36 1000000 8 17682
37 1000000 8 19949
38 1000000 8 24164
39 1000000 8 24387
40 1000000 8 25761
41 1000000 8 17735
42 1000000 8 23479
43 1000000 8 24179
44 1000000 8 18639
45 1000000 8 19822
46 1000000 8 17801
47 1000000 8 23226
48 1000000 8 24746
49 1000000 8 24246
50 1000000 8 18214
51 1000000 8 17913
52 1000000 8 24588
53 1000000 8 24314
54 1000000 8 20143
55 1000000 8 20084
56 1000000 8 21799
57 1000000 8 24115
58 1000000 8 20393
59 1000000 8 25270
60 1000000 8 17797
61 1000000 8 18168
62 1000000 8 19525
63 1000000 8 20556
64 1000000 8 24851
65 1000000 8 20163
66 1000000 8 24766
67 1000000 8 24788
68 1000000 8 17926
69 1000000 8 19414
70 1000000 8 18553
71 1000000 8 22370
72 1000000 8 17901
73 1000000 8 26812
74 1000000 8 24869
75 1000000 8 18261
76 1000000 8 27305
77 1000000 8 18560
78 1000000 8 18220
79 1000000 8 18572
80 1000000 8 24723
81 1000000 8 23656
82 1000000 8 17604
83 1000000 8 24165
84 1000000 8 24332
85 1000000 8 20458
86 1000000 8 18682
87 1000000 8 23964
88 1000000 8 32284
89 1000000 8 19590
90 1000000 8 21448
91 1000000 8 22803
92 1000000 8 24128
93 1000000 8 22940
94 1000000 8 19262
95 1000000 8 34998
96 1000000 8 25277
97 1000000 8 19224
98 1000000 8 24915
99 1000000 8 20121
100 1000000 8 24828
1 100000 8 3526
2 100000 8 3506
3 100000 8 4032
4 100000 8 2740
5 100000 8 2693
6 100000 8 3803
7 100000 8 3238
8 100000 8 2740
9 100000 8 2303
10 100000 8 2637
11 100000 8 2733
12 100000 8 2573
13 100000 8 2685
14 100000 8 2706
15 100000 8 2783
16 100000 8 2710
17 100000 8 2078
18 100000 8 2611
19 100000 8 3532
20 100000 8 2699
21 100000 8 2752
22 100000 8 2721
23 100000 8 2694
24 100000 8 3529
25 100000 8 3368
26 100000 8 2711
27 100000 8 2791
28 100000 8 2710
29 100000 8 2863
30 100000 8 2694
31 100000 8 2597
32 100000 8 2592
33 100000 8 2736
34 100000 8 2700
35 100000 8 2075
36 100000 8 2307
37 100000 8 1876
38 100000 8 2705
39 100000 8 2694
40 100000 8 3524
41 100000 8 2727
42 100000 8 3546
43 100000 8 2722
44 100000 8 2711
45 100000 8 1910
46 100000 8 1924
47 100000 8 2603
48 100000 8 2645
49 100000 8 2716
50 100000 8 2603
51 100000 8 2597
52 100000 8 1888
53 100000 8 2135
54 100000 8 2060
55 100000 8 2687
56 100000 8 2678
57 100000 8 2635
58 100000 8 3796
59 100000 8 3572
60 100000 8 3567
61 100000 8 1977
62 100000 8 2715
63 100000 8 2691
64 100000 8 2735
65 100000 8 2741
66 100000 8 2702
67 100000 8 3537
68 100000 8 2711
69 100000 8 2744
70 100000 8 2426
71 100000 8 1898
72 100000 8 2663
73 100000 8 2692
74 100000 8 3631
75 100000 8 1950
76 100000 8 2671
77 100000 8 2628
78 100000 8 2662
79 100000 8 2687
80 100000 8 2677
81 100000 8 2692
82 100000 8 2696
83 100000 8 2690
84 100000 8 2639
85 100000 8 2154
86 100000 8 2604
87 100000 8 2886
88 100000 8 2613
89 100000 8 1935
90 100000 8 2694
91 100000 8 2688
92 100000 8 2702
93 100000 8 2672
94 100000 8 2636
95 100000 8 2008
96 100000 8 1878
97 100000 8 2611
98 100000 8 2721
99 100000 8 1963
100 100000 8 2593
1 10000 8 442
2 10000 8 474
3 10000 8 480
4 10000 8 470
5 10000 8 417
6 10000 8 392
7 10000 8 325
8 10000 8 391
9 10000 8 870
10 10000 8 354
11 10000 8 1028
12 10000 8 542
13 10000 8 439
14 10000 8 390
15 10000 8 394
16 10000 8 391
17 10000 8 420
18 10000 8 435
19 10000 8 357
20 10000 8 315
21 10000 8 622
22 10000 8 552
23 10000 8 633
24 10000 8 1403
25 10000 8 723
26 10000 8 393
27 10000 8 357
28 10000 8 415
29 10000 8 360
30 10000 8 345
31 10000 8 454
32 10000 8 356
33 10000 8 346
34 10000 8 360
35 10000 8 353
36 10000 8 316
37 10000 8 314
38 10000 8 316
39 10000 8 334
40 10000 8 348
41 10000 8 377
42 10000 8 427
43 10000 8 366
44 10000 8 342
45 10000 8 339
46 10000 8 346
47 10000 8 300
48 10000 8 356
49 10000 8 331
50 10000 8 308
51 10000 8 345
52 10000 8 335
53 10000 8 396
54 10000 8 405
55 10000 8 305
56 10000 8 295
57 10000 8 303
58 10000 8 302
59 10000 8 407
60 10000 8 302
61 10000 8 345
62 10000 8 443
63 10000 8 371
64 10000 8 299
65 10000 8 350
66 10000 8 319
67 10000 8 361
68 10000 8 331
69 10000 8 341
70 10000 8 332
71 10000 8 343
72 10000 8 331
73 10000 8 341
74 10000 8 387
75 10000 8 333
76 10000 8 413
77 10000 8 409
78 10000 8 708
79 10000 8 385
80 10000 8 307
81 10000 8 351
82 10000 8 301
83 10000 8 445
84 10000 8 334
85 10000 8 295
86 10000 8 297
87 10000 8 428
88 10000 8 384
89 10000 8 352
90 10000 8 335
91 10000 8 335
92 10000 8 363
93 10000 8 347
94 10000 8 329
95 10000 8 335
96 10000 8 354
97 10000 8 347
98 10000 8 346
99 10000 8 427
100 10000 8 374
1 1000 8 188
2 1000 8 145
3 1000 8 147
4 1000 8 167
5 1000 8 134
6 1000 8 143
7 1000 8 140
8 1000 8 152
9 1000 8 144
10 1000 8 250
11 1000 8 153
12 1000 8 134
13 1000 8 311
14 1000 8 152
15 1000 8 1017
16 1000 8 664
17 1000 8 516
18 1000 8 145
19 1000 8 138
20 1000 8 139
21 1000 8 127
22 1000 8 120
23 1000 8 166
24 1000 8 124
25 1000 8 125
26 1000 8 147
27 1000 8 125
28 1000 8 129
29 1000 8 127
30 1000 8 461
31 1000 8 234
32 1000 8 147
33 1000 8 323
34 1000 8 1052
35 1000 8 169
36 1000 8 128
37 1000 8 147
38 1000 8 131
39 1000 8 126
40 1000 8 164
41 1000 8 128
42 1000 8 125
43 1000 8 133
44 1000 8 139
45 1000 8 127
46 1000 8 148
47 1000 8 144
48 1000 8 132
49 1000 8 163
50 1000 8 130
51 1000 8 130
52 1000 8 130
53 1000 8 132
54 1000 8 134
55 1000 8 135
56 1000 8 129
57 1000 8 254
58 1000 8 144
59 1000 8 132
60 1000 8 139
61 1000 8 130
62 1000 8 147
63 1000 8 157
64 1000 8 129
65 1000 8 147
66 1000 8 139
67 1000 8 135
68 1000 8 156
69 1000 8 154
70 1000 8 138
71 1000 8 134
72 1000 8 136
73 1000 8 150
74 1000 8 219
75 1000 8 137
76 1000 8 118
77 1000 8 120
78 1000 8 154
79 1000 8 135
80 1000 8 134
81 1000 8 130
82 1000 8 133
83 1000 8 129
84 1000 8 148
85 1000 8 124
86 1000 8 140
87 1000 8 139
88 1000 8 128
89 1000 8 124
90 1000 8 125
91 1000 8 150
92 1000 8 143
93 1000 8 127
94 1000 8 126
95 1000 8 120
96 1000 8 123
97 1000 8 266
98 1000 8 119
99 1000 8 122
100 1000 8 123
